   0.26995E+00   0.36055E-01
   0.34194E+00   0.22472E-01
   0.41392E+00   0.00000E+00
   0.48591E+00   0.66768E-01
   0.55790E+00   0.50649E-01
   0.62988E+00   0.39734E-01
   0.70187E+00   0.10667E+00
   0.77386E+00   0.16233E+00
   0.84584E+00   0.21667E+00
   0.91783E+00   0.21521E+00
   0.98982E+00   0.25745E+00
   0.10618E+01   0.33093E+00
   0.11338E+01   0.34747E+00
   0.12058E+01   0.33794E+00
   0.12778E+01   0.34117E+00
   0.13498E+01   0.33170E+00
   0.14217E+01   0.36526E+00
   0.14937E+01   0.35681E+00
   0.15657E+01   0.33868E+00
   0.16377E+01   0.32328E+00
   0.17097E+01   0.32180E+00
   0.17817E+01   0.30625E+00
   0.18537E+01   0.33722E+00
   0.19256E+01   0.28272E+00
   0.19976E+01   0.28509E+00
   0.20696E+01   0.27113E+00
   0.21416E+01   0.26237E+00
   0.22136E+01   0.27669E+00
   0.22856E+01   0.36666E+00
   0.23576E+01   0.55356E+00
   0.24296E+01   0.95345E+00
   0.25015E+01   0.16329E+01
   0.25735E+01   0.24084E+01
   0.26455E+01   0.32139E+01
   0.27175E+01   0.38358E+01
   0.27895E+01   0.43271E+01
   0.28615E+01   0.46721E+01
   0.29335E+01   0.47714E+01
   0.30054E+01   0.47428E+01
   0.30774E+01   0.45130E+01
   0.31494E+01   0.42947E+01
   0.32214E+01   0.40193E+01
   0.32934E+01   0.35490E+01
   0.33654E+01   0.30478E+01
   0.34374E+01   0.25288E+01
   0.35094E+01   0.21149E+01
   0.35813E+01   0.17441E+01
   0.36533E+01   0.14686E+01
   0.37253E+01   0.12569E+01
   0.37973E+01   0.11106E+01
   0.38693E+01   0.98857E+00
   0.39413E+01   0.98814E+00
   0.40133E+01   0.99559E+00
   0.40852E+01   0.10184E+01
   0.41572E+01   0.10484E+01
   0.42292E+01   0.10547E+01
   0.43012E+01   0.11367E+01
   0.43732E+01   0.12866E+01
   0.44452E+01   0.14656E+01
   0.45172E+01   0.16407E+01
   0.45892E+01   0.17849E+01
   0.46611E+01   0.19780E+01
   0.47331E+01   0.21492E+01
   0.48051E+01   0.22881E+01
   0.48771E+01   0.24190E+01
   0.49491E+01   0.25302E+01
   0.50211E+01   0.26354E+01
   0.50931E+01   0.26413E+01
   0.51650E+01   0.26838E+01
   0.52370E+01   0.26741E+01
   0.53090E+01   0.26953E+01
   0.53810E+01   0.26843E+01
   0.54530E+01   0.26788E+01
   0.55250E+01   0.26190E+01
   0.55970E+01   0.25774E+01
   0.56690E+01   0.25265E+01
   0.57409E+01   0.24835E+01
   0.58129E+01   0.23979E+01
   0.58849E+01   0.23065E+01
   0.59569E+01   0.22598E+01
   0.60289E+01   0.21582E+01
   0.61009E+01   0.20700E+01
   0.61729E+01   0.19695E+01
   0.62449E+01   0.18810E+01
   0.63168E+01   0.17914E+01
   0.63888E+01   0.17565E+01
   0.64608E+01   0.16896E+01
   0.65328E+01   0.16373E+01
   0.66048E+01   0.16216E+01
   0.66768E+01   0.16024E+01
   0.67488E+01   0.16168E+01
   0.68207E+01   0.16814E+01
   0.68927E+01   0.17150E+01
   0.69647E+01   0.17856E+01
   0.70367E+01   0.18798E+01
   0.71087E+01   0.20023E+01
   0.71807E+01   0.20500E+01
   0.72527E+01   0.21905E+01
   0.73247E+01   0.22866E+01
   0.73966E+01   0.23349E+01
   0.74686E+01   0.24056E+01
   0.75406E+01   0.24456E+01
   0.76126E+01   0.24694E+01
   0.76846E+01   0.24646E+01
   0.77566E+01   0.24386E+01
   0.78286E+01   0.24213E+01
   0.79005E+01   0.23848E+01
   0.79725E+01   0.23422E+01
   0.80445E+01   0.22965E+01
   0.81165E+01   0.22534E+01
   0.81885E+01   0.22197E+01
   0.82605E+01   0.21696E+01
   0.83325E+01   0.21293E+01
   0.84045E+01   0.21051E+01
   0.84764E+01   0.20697E+01
   0.85484E+01   0.20421E+01
   0.86204E+01   0.20225E+01
   0.86924E+01   0.19803E+01
   0.87644E+01   0.19532E+01
   0.88364E+01   0.19441E+01
   0.89084E+01   0.19322E+01
   0.89803E+01   0.19238E+01
   0.90523E+01   0.19072E+01
   0.91243E+01   0.19055E+01
   0.91963E+01   0.19130E+01
   0.92683E+01   0.19152E+01
   0.93403E+01   0.19421E+01
   0.94123E+01   0.19705E+01
   0.94843E+01   0.19946E+01
   0.95562E+01   0.20249E+01
   0.96282E+01   0.20801E+01
   0.97002E+01   0.21213E+01
   0.97722E+01   0.21454E+01
   0.98442E+01   0.21967E+01
   0.99162E+01   0.22337E+01
   0.99882E+01   0.22573E+01
   0.10060E+02   0.22711E+01
   0.10132E+02   0.22883E+01
   0.10204E+02   0.22815E+01
   0.10276E+02   0.22660E+01
   0.10348E+02   0.22754E+01
   0.10420E+02   0.22555E+01
   0.10492E+02   0.22184E+01
   0.10564E+02   0.21891E+01
   0.10636E+02   0.21603E+01
   0.10708E+02   0.21453E+01
   0.10780E+02   0.21301E+01
   0.10852E+02   0.20895E+01
   0.10924E+02   0.20730E+01
   0.10996E+02   0.20489E+01
   0.11068E+02   0.20210E+01
   0.11140E+02   0.20293E+01
   0.11212E+02   0.20251E+01
   0.11284E+02   0.19905E+01
   0.11356E+02   0.19880E+01
   0.11428E+02   0.20005E+01
   0.11500E+02   0.20011E+01
   0.11572E+02   0.20008E+01
   0.11644E+02   0.20088E+01
   0.11716E+02   0.20167E+01
   0.11788E+02   0.20334E+01
   0.11860E+02   0.20537E+01
   0.11932E+02   0.20591E+01
   0.12004E+02   0.20787E+01
   0.12076E+02   0.21023E+01
   0.12148E+02   0.21206E+01
   0.12220E+02   0.21394E+01
   0.12292E+02   0.21484E+01
   0.12364E+02   0.21573E+01
   0.12436E+02   0.21715E+01
   0.12508E+02   0.21815E+01
   0.12580E+02   0.21898E+01
   0.12652E+02   0.21871E+01
   0.12724E+02   0.21896E+01
   0.12796E+02   0.21789E+01
   0.12868E+02   0.21709E+01
   0.12940E+02   0.21684E+01
   0.13012E+02   0.21543E+01
   0.13084E+02   0.21367E+01
   0.13156E+02   0.21368E+01
   0.13228E+02   0.21141E+01
   0.13300E+02   0.20944E+01
   0.13372E+02   0.20903E+01
   0.13444E+02   0.20664E+01
   0.13516E+02   0.20620E+01
   0.13587E+02   0.20510E+01
   0.13659E+02   0.20360E+01
   0.13731E+02   0.20419E+01
   0.13803E+02   0.20361E+01
   0.13875E+02   0.20338E+01
   0.13947E+02   0.20471E+01
   0.14019E+02   0.20399E+01
   0.14091E+02   0.20540E+01
   0.14163E+02   0.20633E+01
   0.14235E+02   0.20621E+01
   0.14307E+02   0.20827E+01
   0.14379E+02   0.20775E+01
   0.14451E+02   0.20974E+01
   0.14523E+02   0.21061E+01
   0.14595E+02   0.21168E+01
   0.14667E+02   0.21164E+01
   0.14739E+02   0.21301E+01
   0.14811E+02   0.21338E+01
   0.14883E+02   0.21462E+01
   0.14955E+02   0.21469E+01
   0.15027E+02   0.21434E+01
   0.15099E+02   0.21470E+01
   0.15171E+02   0.21356E+01
   0.15243E+02   0.21417E+01
   0.15315E+02   0.21386E+01
   0.15387E+02   0.21309E+01
   0.15459E+02   0.21224E+01
   0.15531E+02   0.21241E+01
   0.15603E+02   0.21147E+01
   0.15675E+02   0.21084E+01
   0.15747E+02   0.20948E+01
   0.15819E+02   0.20893E+01
   0.15891E+02   0.20828E+01
   0.15963E+02   0.20746E+01
   0.16035E+02   0.20721E+01
   0.16107E+02   0.20684E+01
   0.16179E+02   0.20707E+01
   0.16251E+02   0.20620E+01
   0.16323E+02   0.20730E+01
   0.16395E+02   0.20679E+01
   0.16467E+02   0.20627E+01
   0.16539E+02   0.20724E+01
   0.16611E+02   0.20687E+01
   0.16683E+02   0.20749E+01
   0.16755E+02   0.20794E+01
   0.16827E+02   0.20916E+01
   0.16899E+02   0.21018E+01
   0.16971E+02   0.20980E+01
   0.17043E+02   0.21059E+01
   0.17115E+02   0.21158E+01
   0.17187E+02   0.21180E+01
   0.17259E+02   0.21230E+01
   0.17331E+02   0.21271E+01
   0.17403E+02   0.21236E+01
   0.17475E+02   0.21281E+01
   0.17547E+02   0.21312E+01
   0.17619E+02   0.21244E+01
   0.17691E+02   0.21199E+01
   0.17763E+02   0.21239E+01
   0.17835E+02   0.21114E+01
   0.17907E+02   0.21117E+01
   0.17979E+02   0.21085E+01
   0.18051E+02   0.20989E+01
   0.18123E+02   0.20968E+01
   0.18195E+02   0.20925E+01
   0.18267E+02   0.21009E+01
   0.18339E+02   0.20850E+01
   0.18411E+02   0.20850E+01
   0.18483E+02   0.20764E+01
   0.18555E+02   0.20839E+01
   0.18627E+02   0.20861E+01
   0.18699E+02   0.20779E+01
   0.18771E+02   0.20784E+01
   0.18843E+02   0.20800E+01
   0.18915E+02   0.20791E+01
   0.18987E+02   0.20834E+01
   0.19058E+02   0.20859E+01
   0.19130E+02   0.20901E+01
   0.19202E+02   0.20947E+01
   0.19274E+02   0.20924E+01
   0.19346E+02   0.21011E+01
   0.19418E+02   0.20988E+01
   0.19490E+02   0.21026E+01
   0.19562E+02   0.21054E+01
   0.19634E+02   0.21048E+01
   0.19706E+02   0.21120E+01
   0.19778E+02   0.21088E+01
   0.19850E+02   0.21082E+01
   0.19922E+02   0.21154E+01
   0.19994E+02   0.21135E+01
   0.20066E+02   0.21071E+01
   0.20138E+02   0.21132E+01
   0.20210E+02   0.21144E+01
   0.20282E+02   0.21118E+01
   0.20354E+02   0.21009E+01
   0.20426E+02   0.21024E+01
   0.20498E+02   0.20999E+01
   0.20570E+02   0.20946E+01
   0.20642E+02   0.20983E+01
   0.20714E+02   0.20976E+01
   0.20786E+02   0.20939E+01
   0.20858E+02   0.20907E+01
   0.20930E+02   0.20896E+01
   0.21002E+02   0.20832E+01
   0.21074E+02   0.20895E+01
   0.21146E+02   0.20852E+01
   0.21218E+02   0.20829E+01
   0.21290E+02   0.20885E+01
   0.21362E+02   0.20884E+01
   0.21434E+02   0.20812E+01
   0.21506E+02   0.20932E+01
   0.21578E+02   0.20966E+01
   0.21650E+02   0.20896E+01
   0.21722E+02   0.20943E+01
   0.21794E+02   0.21023E+01
   0.21866E+02   0.20978E+01
   0.21938E+02   0.20991E+01
   0.22010E+02   0.21021E+01
   0.22082E+02   0.21036E+01
   0.22154E+02   0.21009E+01
   0.22226E+02   0.21084E+01
   0.22298E+02   0.21072E+01
   0.22370E+02   0.20988E+01
   0.22442E+02   0.21066E+01
   0.22514E+02   0.21100E+01
   0.22586E+02   0.21041E+01
   0.22658E+02   0.21090E+01
   0.22730E+02   0.21052E+01
   0.22802E+02   0.20985E+01
   0.22874E+02   0.20959E+01
   0.22946E+02   0.20967E+01
   0.23018E+02   0.20935E+01
   0.23090E+02   0.20934E+01
   0.23162E+02   0.20971E+01
   0.23234E+02   0.20948E+01
   0.23306E+02   0.20922E+01
   0.23378E+02   0.20900E+01
   0.23450E+02   0.20954E+01
   0.23522E+02   0.20925E+01
   0.23594E+02   0.20855E+01
   0.23666E+02   0.20936E+01
   0.23738E+02   0.20913E+01
   0.23810E+02   0.20916E+01
   0.23882E+02   0.20920E+01
   0.23954E+02   0.20928E+01
   0.24026E+02   0.20953E+01
   0.24098E+02   0.20965E+01
   0.24170E+02   0.20953E+01
   0.24242E+02   0.20929E+01
   0.24314E+02   0.20991E+01
   0.24386E+02   0.20981E+01
   0.24457E+02   0.21011E+01
   0.24529E+02   0.20966E+01
   0.24601E+02   0.21018E+01
   0.24673E+02   0.21036E+01
   0.24745E+02   0.21017E+01
   0.24817E+02   0.21032E+01
   0.24889E+02   0.20975E+01
   0.24961E+02   0.20979E+01
   0.25033E+02   0.20989E+01
   0.25105E+02   0.20991E+01
   0.25177E+02   0.20970E+01
   0.25249E+02   0.20991E+01
   0.25321E+02   0.20996E+01
   0.25393E+02   0.21019E+01
   0.25465E+02   0.20974E+01
   0.25537E+02   0.20926E+01
   0.25609E+02   0.20953E+01
   0.25681E+02   0.20949E+01
   0.25753E+02   0.20982E+01
   0.25825E+02   0.20952E+01
   0.25897E+02   0.20865E+01
   0.25969E+02   0.20945E+01
   0.26041E+02   0.20920E+01
   0.26113E+02   0.20936E+01
   0.26185E+02   0.20963E+01
   0.26257E+02   0.20938E+01
   0.26329E+02   0.20884E+01
   0.26401E+02   0.20945E+01
   0.26473E+02   0.20964E+01
   0.26545E+02   0.20956E+01
   0.26617E+02   0.20929E+01
   0.26689E+02   0.20947E+01
   0.26761E+02   0.20989E+01
   0.26833E+02   0.20964E+01
   0.26905E+02   0.20950E+01
   0.26977E+02   0.20937E+01
   0.27049E+02   0.21032E+01
   0.27121E+02   0.21007E+01
   0.27193E+02   0.20998E+01
   0.27265E+02   0.21003E+01
   0.27337E+02   0.21031E+01
   0.27409E+02   0.20940E+01
   0.27481E+02   0.20968E+01
   0.27553E+02   0.20976E+01
   0.27625E+02   0.20957E+01
   0.27697E+02   0.20947E+01
   0.27769E+02   0.20976E+01
   0.27841E+02   0.20974E+01
   0.27913E+02   0.20956E+01
   0.27985E+02   0.20960E+01
   0.28057E+02   0.20960E+01
   0.28129E+02   0.20964E+01
   0.28201E+02   0.20947E+01
   0.28273E+02   0.20967E+01
   0.28345E+02   0.20988E+01
   0.28417E+02   0.20879E+01
   0.28489E+02   0.20942E+01
   0.28561E+02   0.20901E+01
   0.28633E+02   0.20963E+01
   0.28705E+02   0.20934E+01
   0.28777E+02   0.20967E+01
   0.28849E+02   0.20912E+01
   0.28921E+02   0.20969E+01
   0.28993E+02   0.20955E+01
   0.29065E+02   0.20925E+01
   0.29137E+02   0.20960E+01
   0.29209E+02   0.20930E+01
   0.29281E+02   0.20980E+01
   0.29353E+02   0.20935E+01
   0.29425E+02   0.20963E+01
   0.29497E+02   0.20981E+01
   0.29569E+02   0.20995E+01
   0.29641E+02   0.20979E+01
   0.29713E+02   0.20944E+01
   0.29785E+02   0.20978E+01
   0.29857E+02   0.20970E+01
   0.29928E+02   0.20945E+01
   0.30000E+02   0.20977E+01
   0.30072E+02   0.20978E+01
   0.30144E+02   0.20967E+01
   0.30216E+02   0.20935E+01
   0.30288E+02   0.20981E+01
   0.30360E+02   0.20957E+01
   0.30432E+02   0.20988E+01
   0.30504E+02   0.20923E+01
   0.30576E+02   0.20971E+01
   0.30648E+02   0.20971E+01
   0.30720E+02   0.20934E+01
   0.30792E+02   0.20948E+01
   0.30864E+02   0.20962E+01
   0.30936E+02   0.20941E+01
   0.31008E+02   0.20948E+01
   0.31080E+02   0.20958E+01
   0.31152E+02   0.20924E+01
   0.31224E+02   0.20893E+01
   0.31296E+02   0.20932E+01
   0.31368E+02   0.20950E+01
   0.31440E+02   0.20920E+01
   0.31512E+02   0.20917E+01
   0.31584E+02   0.20959E+01
   0.31656E+02   0.20947E+01
   0.31728E+02   0.20995E+01
   0.31800E+02   0.20972E+01
   0.31872E+02   0.20957E+01
   0.31944E+02   0.20938E+01
   0.32016E+02   0.20974E+01
   0.32088E+02   0.20960E+01
   0.32160E+02   0.20988E+01
   0.32232E+02   0.20974E+01
   0.32304E+02   0.20949E+01
   0.32376E+02   0.20968E+01
   0.32448E+02   0.20942E+01
   0.32520E+02   0.20959E+01
   0.32592E+02   0.20917E+01
   0.32664E+02   0.20937E+01
   0.32736E+02   0.20960E+01
   0.32808E+02   0.20992E+01
   0.32880E+02   0.20968E+01
   0.32952E+02   0.20965E+01
   0.33024E+02   0.20936E+01
   0.33096E+02   0.20946E+01
   0.33168E+02   0.20992E+01
   0.33240E+02   0.20946E+01
   0.33312E+02   0.20951E+01
   0.33384E+02   0.20925E+01
   0.33456E+02   0.20932E+01
   0.33528E+02   0.20921E+01
   0.33600E+02   0.20947E+01
   0.33672E+02   0.20922E+01
   0.33744E+02   0.20966E+01
   0.33816E+02   0.20934E+01
   0.33888E+02   0.20917E+01
   0.33960E+02   0.20946E+01
   0.34032E+02   0.20975E+01
   0.34104E+02   0.20950E+01
   0.34176E+02   0.20944E+01
   0.34248E+02   0.20946E+01
   0.34320E+02   0.20947E+01
   0.34392E+02   0.20947E+01
   0.34464E+02   0.20967E+01
   0.34536E+02   0.20937E+01
   0.34608E+02   0.20998E+01
   0.34680E+02   0.20970E+01
   0.34752E+02   0.20908E+01
   0.34824E+02   0.20968E+01
   0.34896E+02   0.20940E+01
   0.34968E+02   0.20931E+01
   0.35040E+02   0.20993E+01
   0.35112E+02   0.20955E+01
   0.35184E+02   0.20917E+01
   0.35256E+02   0.20980E+01
   0.35327E+02   0.20955E+01
   0.35399E+02   0.20929E+01
   0.35471E+02   0.20952E+01
   0.35543E+02   0.20941E+01
   0.35615E+02   0.20938E+01
   0.35687E+02   0.20982E+01
   0.35759E+02   0.20953E+01
   0.35831E+02   0.20950E+01
   0.35903E+02   0.20978E+01
   0.35975E+02   0.20925E+01
   0.36047E+02   0.20946E+01
   0.36119E+02   0.20950E+01
   0.36191E+02   0.20903E+01
   0.36263E+02   0.20958E+01
   0.36335E+02   0.20910E+01
   0.36407E+02   0.20932E+01
   0.36479E+02   0.20944E+01
   0.36551E+02   0.20935E+01
   0.36623E+02   0.20930E+01
   0.36695E+02   0.20968E+01
   0.36767E+02   0.20946E+01
   0.36839E+02   0.20914E+01
   0.36911E+02   0.20959E+01
   0.36983E+02   0.20929E+01
   0.37055E+02   0.20970E+01
   0.37127E+02   0.20977E+01
   0.37199E+02   0.20959E+01
   0.37271E+02   0.20977E+01
   0.37343E+02   0.20930E+01
   0.37415E+02   0.20966E+01
   0.37487E+02   0.20940E+01
   0.37559E+02   0.20944E+01
   0.37631E+02   0.20942E+01
   0.37703E+02   0.20959E+01
   0.37775E+02   0.20933E+01
   0.37847E+02   0.20955E+01
   0.37919E+02   0.20951E+01
   0.37991E+02   0.20940E+01
   0.38063E+02   0.20932E+01
   0.38135E+02   0.20965E+01
   0.38207E+02   0.20959E+01
   0.38279E+02   0.20948E+01
   0.38351E+02   0.20929E+01
   0.38423E+02   0.20939E+01
   0.38495E+02   0.20918E+01
   0.38567E+02   0.20936E+01
   0.38639E+02   0.20994E+01
   0.38711E+02   0.20935E+01
   0.38783E+02   0.20940E+01
   0.38855E+02   0.20926E+01
   0.38927E+02   0.20935E+01
   0.38999E+02   0.20947E+01
   0.39071E+02   0.20967E+01
   0.39143E+02   0.20917E+01
   0.39215E+02   0.20916E+01
   0.39287E+02   0.20946E+01
   0.39359E+02   0.20947E+01
   0.39431E+02   0.20957E+01
   0.39503E+02   0.20926E+01
   0.39575E+02   0.20955E+01
   0.39647E+02   0.20917E+01
   0.39719E+02   0.20971E+01
   0.39791E+02   0.20945E+01
   0.39863E+02   0.20943E+01
   0.39935E+02   0.20922E+01
   0.40007E+02   0.20978E+01
   0.40079E+02   0.20942E+01
   0.40151E+02   0.20971E+01
   0.40223E+02   0.20971E+01
   0.40295E+02   0.20949E+01
   0.40367E+02   0.20942E+01
   0.40439E+02   0.20932E+01
   0.40511E+02   0.20941E+01
   0.40583E+02   0.20946E+01
   0.40655E+02   0.20932E+01
   0.40727E+02   0.20938E+01
   0.40798E+02   0.20936E+01
   0.40870E+02   0.20917E+01
   0.40942E+02   0.20961E+01
   0.41014E+02   0.20935E+01
   0.41086E+02   0.20929E+01
   0.41158E+02   0.20958E+01
   0.41230E+02   0.20951E+01
   0.41302E+02   0.20953E+01
   0.41374E+02   0.20958E+01
   0.41446E+02   0.20935E+01
   0.41518E+02   0.20908E+01
   0.41590E+02   0.20951E+01
   0.41662E+02   0.20948E+01
   0.41734E+02   0.20909E+01
   0.41806E+02   0.20825E+01
   0.41878E+02   0.20697E+01
   0.41950E+02   0.20604E+01
   0.42022E+02   0.20499E+01
   0.42094E+02   0.20373E+01
   0.42166E+02   0.20266E+01
   0.42238E+02   0.20135E+01
   0.42310E+02   0.20080E+01
   0.42382E+02   0.19944E+01
   0.42454E+02   0.19859E+01
   0.42526E+02   0.19779E+01
   0.42598E+02   0.19672E+01
   0.42670E+02   0.19539E+01
   0.42742E+02   0.19450E+01
   0.42814E+02   0.19310E+01
   0.42886E+02   0.19255E+01
   0.42958E+02   0.19143E+01
   0.43030E+02   0.19007E+01
   0.43102E+02   0.18931E+01
   0.43174E+02   0.18846E+01
   0.43246E+02   0.18698E+01
   0.43318E+02   0.18631E+01
   0.43390E+02   0.18526E+01
   0.43462E+02   0.18407E+01
   0.43534E+02   0.18318E+01
   0.43606E+02   0.18214E+01
   0.43678E+02   0.18131E+01
   0.43750E+02   0.18004E+01
   0.43822E+02   0.17953E+01
   0.43894E+02   0.17813E+01
   0.43966E+02   0.17745E+01
   0.44038E+02   0.17628E+01
   0.44110E+02   0.17545E+01
   0.44182E+02   0.17436E+01
   0.44254E+02   0.17301E+01
   0.44326E+02   0.17233E+01
   0.44398E+02   0.17148E+01
   0.44470E+02   0.17056E+01
   0.44542E+02   0.16972E+01
   0.44614E+02   0.16885E+01
   0.44686E+02   0.16738E+01
   0.44758E+02   0.16697E+01
   0.44830E+02   0.16569E+01
   0.44902E+02   0.16477E+01
   0.44974E+02   0.16370E+01
   0.45046E+02   0.16327E+01
   0.45118E+02   0.16218E+01
   0.45190E+02   0.16118E+01
   0.45262E+02   0.16012E+01
   0.45334E+02   0.15899E+01
   0.45406E+02   0.15827E+01
   0.45478E+02   0.15763E+01
   0.45550E+02   0.15667E+01
   0.45622E+02   0.15550E+01
   0.45694E+02   0.15463E+01
   0.45766E+02   0.15371E+01
   0.45838E+02   0.15313E+01
   0.45910E+02   0.15209E+01
   0.45982E+02   0.15104E+01
   0.46054E+02   0.15052E+01
   0.46126E+02   0.14937E+01
   0.46197E+02   0.14845E+01
   0.46269E+02   0.14754E+01
   0.46341E+02   0.14701E+01
   0.46413E+02   0.14590E+01
   0.46485E+02   0.14508E+01
   0.46557E+02   0.14410E+01
   0.46629E+02   0.14306E+01
   0.46701E+02   0.14200E+01
   0.46773E+02   0.14137E+01
   0.46845E+02   0.14043E+01
   0.46917E+02   0.13985E+01
   0.46989E+02   0.13908E+01
   0.47061E+02   0.13819E+01
   0.47133E+02   0.13739E+01
   0.47205E+02   0.13631E+01
   0.47277E+02   0.13554E+01
   0.47349E+02   0.13472E+01
   0.47421E+02   0.13382E+01
   0.47493E+02   0.13285E+01
   0.47565E+02   0.13214E+01
   0.47637E+02   0.13120E+01
   0.47709E+02   0.13048E+01
   0.47781E+02   0.12959E+01
   0.47853E+02   0.12890E+01
   0.47925E+02   0.12787E+01
   0.47997E+02   0.12690E+01
   0.48069E+02   0.12663E+01
   0.48141E+02   0.12566E+01
   0.48213E+02   0.12483E+01
   0.48285E+02   0.12376E+01
   0.48357E+02   0.12330E+01
   0.48429E+02   0.12233E+01
   0.48501E+02   0.12158E+01
   0.48573E+02   0.12074E+01
   0.48645E+02   0.11997E+01
   0.48717E+02   0.11919E+01
   0.48789E+02   0.11854E+01
   0.48861E+02   0.11756E+01
   0.48933E+02   0.11676E+01
   0.49005E+02   0.11605E+01
   0.49077E+02   0.11532E+01
   0.49149E+02   0.11432E+01
   0.49221E+02   0.11372E+01
   0.49293E+02   0.11282E+01
   0.49365E+02   0.11202E+01
   0.49437E+02   0.11125E+01
   0.49509E+02   0.11035E+01
   0.49581E+02   0.10974E+01
   0.49653E+02   0.10874E+01
   0.49725E+02   0.10820E+01
   0.49797E+02   0.10739E+01
   0.49869E+02   0.10678E+01
   0.49941E+02   0.10577E+01
   0.50013E+02   0.10513E+01
   0.50085E+02   0.10459E+01
   0.50157E+02   0.10375E+01
   0.50229E+02   0.10290E+01
   0.50301E+02   0.10229E+01
   0.50373E+02   0.10139E+01
   0.50445E+02   0.10067E+01
   0.50517E+02   0.10006E+01
   0.50589E+02   0.99287E+00
   0.50661E+02   0.98509E+00
   0.50733E+02   0.97839E+00
   0.50805E+02   0.97070E+00
   0.50877E+02   0.96263E+00
   0.50949E+02   0.95612E+00
   0.51021E+02   0.94805E+00
   0.51093E+02   0.94227E+00
   0.51165E+02   0.93509E+00
   0.51237E+02   0.92589E+00
   0.51309E+02   0.92037E+00
   0.51381E+02   0.91358E+00
   0.51453E+02   0.90659E+00
   0.51525E+02   0.89700E+00
   0.51597E+02   0.89048E+00
   0.51668E+02   0.88416E+00
   0.51740E+02   0.87795E+00
   0.51812E+02   0.86876E+00
   0.51884E+02   0.86125E+00
   0.51956E+02   0.85636E+00
   0.52028E+02   0.84905E+00
   0.52100E+02   0.84166E+00
   0.52172E+02   0.83576E+00
   0.52244E+02   0.82780E+00
   0.52316E+02   0.82078E+00
   0.52388E+02   0.81494E+00
   0.52460E+02   0.80653E+00
   0.52532E+02   0.79905E+00
   0.52604E+02   0.79463E+00
   0.52676E+02   0.78558E+00
   0.52748E+02   0.77964E+00
   0.52820E+02   0.77367E+00
   0.52892E+02   0.76772E+00
   0.52964E+02   0.75977E+00
   0.53036E+02   0.75440E+00
   0.53108E+02   0.74765E+00
   0.53180E+02   0.74009E+00
   0.53252E+02   0.73436E+00
   0.53324E+02   0.72666E+00
   0.53396E+02   0.71974E+00
   0.53468E+02   0.71343E+00
   0.53540E+02   0.70760E+00
   0.53612E+02   0.70137E+00
   0.53684E+02   0.69455E+00
   0.53756E+02   0.68714E+00
   0.53828E+02   0.68067E+00
   0.53900E+02   0.67385E+00
   0.53972E+02   0.66796E+00
   0.54044E+02   0.66045E+00
   0.54116E+02   0.65467E+00
   0.54188E+02   0.64915E+00
   0.54260E+02   0.64142E+00
   0.54332E+02   0.63594E+00
   0.54404E+02   0.62870E+00
   0.54476E+02   0.62311E+00
   0.54548E+02   0.61588E+00
   0.54620E+02   0.61037E+00
   0.54692E+02   0.60328E+00
   0.54764E+02   0.59613E+00
   0.54836E+02   0.59040E+00
   0.54908E+02   0.58522E+00
   0.54980E+02   0.57865E+00
   0.55052E+02   0.57096E+00
   0.55124E+02   0.56668E+00
   0.55196E+02   0.55949E+00
   0.55268E+02   0.55449E+00
   0.55340E+02   0.54692E+00
   0.55412E+02   0.54295E+00
   0.55484E+02   0.53500E+00
   0.55556E+02   0.52975E+00
   0.55628E+02   0.52361E+00
   0.55700E+02   0.51814E+00
   0.55772E+02   0.51059E+00
   0.55844E+02   0.50577E+00
   0.55916E+02   0.49973E+00
   0.55988E+02   0.49398E+00
   0.56060E+02   0.48681E+00
   0.56132E+02   0.48098E+00
   0.56204E+02   0.47477E+00
   0.56276E+02   0.46931E+00
   0.56348E+02   0.46238E+00
   0.56420E+02   0.45622E+00
   0.56492E+02   0.45126E+00
   0.56564E+02   0.44547E+00
   0.56636E+02   0.44090E+00
   0.56708E+02   0.43342E+00
   0.56780E+02   0.42775E+00
   0.56852E+02   0.42220E+00
   0.56924E+02   0.41516E+00
   0.56996E+02   0.40974E+00
   0.57067E+02   0.40523E+00
   0.57139E+02   0.39823E+00
   0.57211E+02   0.39306E+00
   0.57283E+02   0.38654E+00
   0.57355E+02   0.38180E+00
   0.57427E+02   0.37483E+00
   0.57499E+02   0.36990E+00
   0.57571E+02   0.36408E+00
   0.57643E+02   0.35898E+00
   0.57715E+02   0.35357E+00
   0.57787E+02   0.34717E+00
   0.57859E+02   0.34168E+00
   0.57931E+02   0.33592E+00
   0.58003E+02   0.33032E+00
   0.58075E+02   0.32460E+00
   0.58147E+02   0.31914E+00
   0.58219E+02   0.31397E+00
   0.58291E+02   0.30860E+00
   0.58363E+02   0.30195E+00
   0.58435E+02   0.29699E+00
   0.58507E+02   0.29182E+00
   0.58579E+02   0.28570E+00
   0.58651E+02   0.28040E+00
   0.58723E+02   0.27538E+00
   0.58795E+02   0.26965E+00
   0.58867E+02   0.26512E+00
   0.58939E+02   0.25855E+00
   0.59011E+02   0.25356E+00
   0.59083E+02   0.24811E+00
   0.59155E+02   0.24388E+00
   0.59227E+02   0.23865E+00
   0.59299E+02   0.23400E+00
   0.59371E+02   0.22992E+00
   0.59443E+02   0.22567E+00
   0.59515E+02   0.22232E+00
   0.59587E+02   0.21730E+00
   0.59659E+02   0.21379E+00
   0.59731E+02   0.20964E+00
   0.59803E+02   0.20554E+00
   0.59875E+02   0.20294E+00
   0.59947E+02   0.19893E+00
   0.60019E+02   0.19549E+00
   0.60091E+02   0.19211E+00
   0.60163E+02   0.18788E+00
   0.60235E+02   0.18449E+00
   0.60307E+02   0.18154E+00
   0.60379E+02   0.17822E+00
   0.60451E+02   0.17513E+00
   0.60523E+02   0.17240E+00
   0.60595E+02   0.16938E+00
   0.60667E+02   0.16584E+00
   0.60739E+02   0.16224E+00
   0.60811E+02   0.15956E+00
   0.60883E+02   0.15762E+00
   0.60955E+02   0.15496E+00
   0.61027E+02   0.15173E+00
   0.61099E+02   0.14933E+00
   0.61171E+02   0.14611E+00
   0.61243E+02   0.14358E+00
   0.61315E+02   0.14099E+00
   0.61387E+02   0.13872E+00
   0.61459E+02   0.13590E+00
   0.61531E+02   0.13348E+00
   0.61603E+02   0.13154E+00
   0.61675E+02   0.12887E+00
   0.61747E+02   0.12583E+00
   0.61819E+02   0.12362E+00
   0.61891E+02   0.12178E+00
   0.61963E+02   0.11918E+00
   0.62035E+02   0.11723E+00
   0.62107E+02   0.11491E+00
   0.62179E+02   0.11231E+00
   0.62251E+02   0.11040E+00
   0.62323E+02   0.10835E+00
   0.62395E+02   0.10610E+00
   0.62467E+02   0.10436E+00
   0.62538E+02   0.10279E+00
   0.62610E+02   0.10057E+00
   0.62682E+02   0.98364E-01
   0.62754E+02   0.96564E-01
   0.62826E+02   0.95231E-01
   0.62898E+02   0.92161E-01
   0.62970E+02   0.90860E-01
   0.63042E+02   0.88685E-01
   0.63114E+02   0.87603E-01
   0.63186E+02   0.85162E-01
   0.63258E+02   0.83868E-01
   0.63330E+02   0.82364E-01
   0.63402E+02   0.80524E-01
   0.63474E+02   0.78635E-01
   0.63546E+02   0.77465E-01
   0.63618E+02   0.75556E-01
   0.63690E+02   0.73890E-01
   0.63762E+02   0.72296E-01
   0.63834E+02   0.71529E-01
   0.63906E+02   0.69456E-01
   0.63978E+02   0.68201E-01
   0.64050E+02   0.66655E-01
   0.64122E+02   0.65140E-01
   0.64194E+02   0.63514E-01
   0.64266E+02   0.62398E-01
   0.64338E+02   0.61097E-01
   0.64410E+02   0.59455E-01
   0.64482E+02   0.58090E-01
   0.64554E+02   0.57010E-01
   0.64626E+02   0.55401E-01
   0.64698E+02   0.54583E-01
   0.64770E+02   0.53135E-01
   0.64842E+02   0.51964E-01
   0.64914E+02   0.50965E-01
   0.64986E+02   0.49780E-01
   0.65058E+02   0.48713E-01
   0.65130E+02   0.47379E-01
   0.65202E+02   0.45792E-01
   0.65274E+02   0.44741E-01
   0.65346E+02   0.44083E-01
   0.65418E+02   0.42874E-01
   0.65490E+02   0.41735E-01
   0.65562E+02   0.40537E-01
   0.65634E+02   0.39930E-01
   0.65706E+02   0.38892E-01
   0.65778E+02   0.37674E-01
   0.65850E+02   0.36551E-01
   0.65922E+02   0.35643E-01
   0.65994E+02   0.34824E-01
   0.66066E+02   0.34029E-01
   0.66138E+02   0.33112E-01
   0.66210E+02   0.32012E-01
   0.66282E+02   0.31179E-01
   0.66354E+02   0.30515E-01
   0.66426E+02   0.29624E-01
   0.66498E+02   0.28699E-01
   0.66570E+02   0.27854E-01
   0.66642E+02   0.27172E-01
   0.66714E+02   0.26097E-01
   0.66786E+02   0.25700E-01
   0.66858E+02   0.24726E-01
   0.66930E+02   0.24365E-01
   0.67002E+02   0.23152E-01
   0.67074E+02   0.22564E-01
   0.67146E+02   0.21867E-01
   0.67218E+02   0.21458E-01
   0.67290E+02   0.20498E-01
   0.67362E+02   0.19932E-01
   0.67434E+02   0.19076E-01
   0.67506E+02   0.18485E-01
   0.67578E+02   0.17983E-01
   0.67650E+02   0.17373E-01
   0.67722E+02   0.16664E-01
   0.67794E+02   0.16235E-01
   0.67866E+02   0.15712E-01
   0.67937E+02   0.15147E-01
   0.68009E+02   0.14586E-01
   0.68081E+02   0.13972E-01
   0.68153E+02   0.13400E-01
   0.68225E+02   0.13006E-01
   0.68297E+02   0.12474E-01
   0.68369E+02   0.12091E-01
   0.68441E+02   0.11539E-01
   0.68513E+02   0.10837E-01
   0.68585E+02   0.10557E-01
   0.68657E+02   0.10045E-01
   0.68729E+02   0.96059E-02
   0.68801E+02   0.93233E-02
   0.68873E+02   0.90307E-02
   0.68945E+02   0.83790E-02
   0.69017E+02   0.80058E-02
   0.69089E+02   0.76880E-02
   0.69161E+02   0.73485E-02
   0.69233E+02   0.69670E-02
   0.69305E+02   0.66052E-02
   0.69377E+02   0.62689E-02
   0.69449E+02   0.60119E-02
   0.69521E+02   0.55118E-02
   0.69593E+02   0.53290E-02
   0.69665E+02   0.50034E-02
   0.69737E+02   0.47737E-02
   0.69809E+02   0.44674E-02
   0.69881E+02   0.41402E-02
   0.69953E+02   0.39765E-02
   0.70025E+02   0.35932E-02
   0.70097E+02   0.34768E-02
   0.70169E+02   0.31890E-02
   0.70241E+02   0.29700E-02
   0.70313E+02   0.27566E-02
   0.70385E+02   0.25107E-02
   0.70457E+02   0.23336E-02
   0.70529E+02   0.21999E-02
   0.70601E+02   0.19973E-02
   0.70673E+02   0.17943E-02
   0.70745E+02   0.16238E-02
   0.70817E+02   0.14790E-02
   0.70889E+02   0.13610E-02
   0.70961E+02   0.11756E-02
   0.71033E+02   0.10394E-02
   0.71105E+02   0.92554E-03
   0.71177E+02   0.82980E-03
   0.71249E+02   0.71529E-03
   0.71321E+02   0.62655E-03
   0.71393E+02   0.53405E-03
   0.71465E+02   0.42905E-03
   0.71537E+02   0.38352E-03
   0.71609E+02   0.30128E-03
   0.71681E+02   0.22449E-03
   0.71753E+02   0.18270E-03
   0.71825E+02   0.14159E-03
   0.71897E+02   0.94542E-04
   0.71969E+02   0.66960E-04
   0.72041E+02   0.36451E-04
   0.72113E+02   0.10610E-04
   0.72185E+02   0.60509E-05
